WEEK,WEEKLY_GROSS,CUMULATIVE_GROSS
1,0.10,0.10
2,3.00,3.10
3,5.20,8.30
4,7.00,15.30
5,5.25,20.55
6,4.90,25.45
7,3.00,28.45
8,2.40,30.85
9,1.90,32.75
10,1.30,34.05
11,0.80,34.85
12,0.60,35.45